time	voltage
0	-73.5970250000000
1	-73.5986250000000
2	-73.6002190000000
3	-73.6018060000000
4	-73.6033860000000
5	-73.6049590000000
6	-73.6065260000000
7	-73.6080870000000
8	-73.6096400000000
9	-73.6111870000000
10	-73.6127280000000
11	-73.6142620000000
12	-73.6157900000000
13	-73.6173110000000
14	-73.6188260000000
15	-73.6203350000000
16	-73.6218370000000
17	-73.6233340000000
18	-73.6248230000000
19	-73.6263070000000
20	-73.6277840000000
21	-73.6292560000000
22	-73.6307210000000
23	-73.6321800000000
24	-73.6336330000000
25	-73.6350800000000
26	-73.6365210000000
27	-73.6379560000000
28	-73.6393860000000
29	-73.6408090000000
30	-73.6422260000000
31	-73.6436380000000
32	-73.6450440000000
33	-73.6464440000000
34	-73.6478380000000
35	-73.6492260000000
36	-73.6506090000000
37	-73.6519860000000
38	-73.6533570000000
39	-73.6547230000000
40	-73.6560830000000
41	-73.6574380000000
42	-73.6587870000000
43	-73.6601310000000
44	-73.6614690000000
45	-73.6628020000000
46	-73.6641290000000
47	-73.6654510000000
48	-73.6667670000000
49	-73.6680780000000
50	-73.6693840000000
51	-73.6706840000000
52	-73.6719790000000
53	-73.6732690000000
54	-73.6745540000000
55	-73.6758330000000
56	-73.6771080000000
57	-73.6783770000000
58	-73.6796410000000
59	-73.6809000000000
60	-73.6821530000000
61	-73.6834020000000
62	-73.6846460000000
63	-73.6858850000000
64	-73.6871180000000
65	-73.6883470000000
66	-73.6895710000000
67	-73.6907900000000
68	-73.6920040000000
69	-73.6932130000000
70	-73.6944170000000
71	-73.6956160000000
72	-73.6968110000000
73	-73.6980010000000
74	-73.6991860000000
75	-73.7003660000000
76	-73.7015410000000
77	-73.7027120000000
78	-73.7038780000000
79	-73.7050400000000
80	-73.7061970000000
81	-73.7073490000000
82	-73.7084960000000
83	-73.7096390000000
84	-73.7107780000000
85	-73.7119110000000
86	-73.7130410000000
87	-73.7141660000000
88	-73.7152860000000
89	-73.7164020000000
90	-73.7175130000000
91	-73.7186200000000
92	-73.7197230000000
93	-73.7208210000000
94	-73.7219140000000
95	-73.7230040000000
96	-73.7240890000000
97	-73.7251700000000
98	-73.7262460000000
99	-73.7273190000000
100	-73.7283870000000
101	-73.7294500000000
102	-73.7305100000000
103	-73.7315650000000
104	-73.7326170000000
105	-73.7336640000000
106	-73.7347070000000
107	-73.7357450000000
108	-73.7367800000000
109	-73.7378110000000
110	-73.7388370000000
111	-73.7398600000000
112	-73.7408780000000
113	-73.7418930000000
114	-73.7429030000000
115	-73.7439100000000
116	-73.7449120000000
117	-73.7459110000000
118	-73.7469050000000
119	-73.7478960000000
120	-73.7488830000000
121	-73.7498660000000
122	-73.7508450000000
123	-73.7518210000000
124	-73.7527920000000
125	-73.7537600000000
126	-73.7547240000000
127	-73.7556840000000
128	-73.7566400000000
129	-73.7575930000000
130	-73.7585420000000
131	-73.7594870000000
132	-73.7604290000000
133	-73.7613670000000
134	-73.7623010000000
135	-73.7632310000000
136	-73.7641580000000
137	-73.7650820000000
138	-73.7660010000000
139	-73.7669180000000
140	-73.7678300000000
141	-73.7687390000000
142	-73.7696450000000
143	-73.7705470000000
144	-73.7714450000000
145	-73.7723400000000
146	-73.7732320000000
147	-73.7741200000000
148	-73.7750050000000
149	-73.7758860000000
150	-73.7767630000000
151	-73.7776380000000
152	-73.7785090000000
153	-73.7793760000000
154	-73.7802410000000
155	-73.7811020000000
156	-73.7819590000000
157	-73.7828130000000
158	-73.7836640000000
159	-73.7845120000000
160	-73.7853560000000
161	-73.7861980000000
162	-73.7870350000000
163	-73.7878700000000
164	-73.7887020000000
165	-73.7895300000000
166	-73.7903550000000
167	-73.7911770000000
168	-73.7919950000000
169	-73.7928110000000
170	-73.7936230000000
171	-73.7944320000000
172	-73.7952390000000
173	-73.7960420000000
174	-73.7968420000000
175	-73.7976380000000
176	-73.7984320000000
177	-73.7992230000000
178	-73.8000110000000
179	-73.8007950000000
180	-73.8015770000000
181	-73.8023560000000
182	-73.8031310000000
183	-73.8039040000000
184	-73.8046740000000
185	-73.8054400000000
186	-73.8062040000000
187	-73.8069650000000
188	-73.8077230000000
189	-73.8084780000000
190	-73.8092300000000
191	-73.8099790000000
192	-73.8107250000000
193	-73.8114690000000
194	-73.8122090000000
195	-73.8129470000000
196	-73.8136820000000
197	-73.8144140000000
198	-73.8151430000000
199	-73.8158690000000
200	-73.8165930000000
201	-71.4195290000000
202	-30.5333330000000
203	24.5021490000000
204	19.6802310000000
205	14.6159350000000
206	10.4816080000000
207	7.44284800000000
208	5.29313100000000
209	3.76885000000000
210	2.65886400000000
211	1.81606300000000
212	1.14355000000000
213	0.577317000000000
214	0.0731440000000000
215	-0.394856000000000
216	-0.854192000000000
217	-1.31987800000000
218	-1.80346500000000
219	-2.31277600000000
220	-2.85189500000000
221	-3.42131200000000
222	-4.01825700000000
223	-4.63743900000000
224	-5.27207200000000
225	-5.91497000000000
226	-6.55943300000000
227	-7.19981200000000
228	-7.83171700000000
229	-8.45197700000000
230	-9.05621100000000
231	-9.62909200000000
232	-10.1946850000000
233	-10.7489970000000
234	-11.2898860000000
235	-11.8163210000000
236	-12.3278700000000
237	-12.8244280000000
238	-13.3060720000000
239	-13.7729740000000
240	-14.2253620000000
241	-14.6635010000000
242	-15.0876840000000
243	-15.4982280000000
244	-15.8954760000000
245	-16.2797950000000
246	-16.6515770000000
247	-17.0112400000000
248	-17.3592210000000
249	-17.6959830000000
250	-18.0220010000000
251	-18.3377660000000
252	-18.6437760000000
253	-18.9405350000000
254	-19.2285450000000
255	-19.5083080000000
256	-19.7803160000000
257	-20.0450500000000
258	-20.3029780000000
259	-20.5545540000000
260	-20.8002130000000
261	-21.0403700000000
262	-21.2754220000000
263	-21.5057430000000
264	-21.7316880000000
265	-21.9535920000000
266	-22.1717650000000
267	-22.3865030000000
268	-22.5980770000000
269	-22.8067410000000
270	-23.0127330000000
271	-23.2162700000000
272	-23.4175550000000
273	-23.6167770000000
274	-23.8141070000000
275	-24.0097050000000
276	-24.2037170000000
277	-24.3962800000000
278	-24.5875170000000
279	-24.7775420000000
280	-24.9664610000000
281	-25.1543690000000
282	-25.3413570000000
283	-25.5275040000000
284	-25.7128860000000
285	-25.8975710000000
286	-26.0816240000000
287	-26.2651020000000
288	-26.4480600000000
289	-26.6305460000000
290	-26.8126070000000
291	-26.9942850000000
292	-27.1756190000000
293	-27.3566470000000
294	-27.5374010000000
295	-27.7179140000000
296	-27.8982160000000
297	-28.0783340000000
298	-28.2582940000000
299	-28.4381210000000
300	-28.6178380000000
301	-28.7974670000000
302	-28.9770300000000
303	-29.1565450000000
304	-29.3360330000000
305	-29.5155110000000
306	-29.6949970000000
307	-29.8745080000000
308	-30.0540600000000
309	-30.2336690000000
310	-30.4133500000000
311	-30.5931170000000
312	-30.7729860000000
313	-30.9529690000000
314	-31.1330810000000
315	-31.3133340000000
316	-31.4937420000000
317	-31.6743170000000
318	-31.8550700000000
319	-32.0360130000000
320	-32.2171590000000
321	-32.3985170000000
322	-32.5800990000000
323	-32.7619140000000
324	-32.9439730000000
325	-33.1262850000000
326	-33.3088590000000
327	-33.4917040000000
328	-33.6748280000000
329	-33.8582400000000
330	-34.0419450000000
331	-34.2259510000000
332	-34.4102650000000
333	-34.5948920000000
334	-34.7798380000000
335	-34.9651080000000
336	-35.1507060000000
337	-35.3366350000000
338	-35.5228990000000
339	-35.7095000000000
340	-35.8964410000000
341	-36.0837230000000
342	-36.2713460000000
343	-36.4593120000000
344	-36.6476190000000
345	-36.8362660000000
346	-37.0252530000000
347	-37.2145760000000
348	-37.4042340000000
349	-37.5942220000000
350	-37.7845360000000
351	-37.9751720000000
352	-38.1661250000000
353	-38.3573890000000
354	-38.5489570000000
355	-38.7408230000000
356	-38.9329790000000
357	-39.1254180000000
358	-39.3181300000000
359	-39.5111060000000
360	-39.7043380000000
361	-39.8978140000000
362	-40.0915260000000
363	-40.2854580000000
364	-40.4795900000000
365	-40.6739060000000
366	-40.8683910000000
367	-41.0630290000000
368	-41.2578060000000
369	-41.4527080000000
370	-41.6477200000000
371	-41.8428260000000
372	-42.0380110000000
373	-42.2332600000000
374	-42.4285550000000
375	-42.6238810000000
376	-42.8192220000000
377	-43.0145600000000
378	-43.2098790000000
379	-43.4051620000000
380	-43.6003920000000
381	-43.7955520000000
382	-43.9906250000000
383	-44.1855940000000
384	-44.3804420000000
385	-44.5751520000000
386	-44.7697080000000
387	-44.9640910000000
388	-45.1582870000000
389	-45.3522780000000
390	-45.5460490000000
391	-45.7395820000000
392	-45.9328630000000
393	-46.1258760000000
394	-46.3186060000000
395	-46.5110360000000
396	-46.7031530000000
397	-46.8949420000000
398	-47.0863890000000
399	-47.2774800000000
400	-47.4682010000000
401	-47.6585390000000
402	-47.8484810000000
403	-48.0380140000000
404	-48.2271270000000
405	-48.4158060000000
406	-48.6040410000000
407	-48.7918190000000
408	-48.9791310000000
409	-49.1659640000000
410	-49.3523100000000
411	-49.5381570000000
412	-49.7234970000000
413	-49.9083180000000
414	-50.0926130000000
415	-50.2763730000000
416	-50.4595870000000
417	-50.6422500000000
418	-50.8243510000000
419	-51.0058830000000
420	-51.1868390000000
421	-51.3672110000000
422	-51.5469910000000
423	-51.7261740000000
424	-51.9047510000000
425	-52.0827160000000
426	-52.2600630000000
427	-52.4367850000000
428	-52.6128760000000
429	-52.7883310000000
430	-52.9631420000000
431	-53.1373040000000
432	-53.3108120000000
433	-53.4836600000000
434	-53.6558420000000
435	-53.8273530000000
436	-53.9981870000000
437	-54.1683400000000
438	-54.3378050000000
439	-54.5065780000000
440	-54.6746530000000
441	-54.8420260000000
442	-55.0086900000000
443	-55.1746420000000
444	-55.3398760000000
445	-55.5043860000000
446	-55.6681690000000
447	-55.8312180000000
448	-55.9935290000000
449	-56.1550970000000
450	-56.3159170000000
451	-56.4759830000000
452	-56.6352900000000
453	-56.7938340000000
454	-56.9516100000000
455	-57.1086120000000
456	-57.2648350000000
457	-57.4202740000000
458	-57.5749240000000
459	-57.7287790000000
460	-57.8818360000000
461	-58.0340880000000
462	-58.1855300000000
463	-58.3361570000000
464	-58.4859650000000
465	-58.6349470000000
466	-58.7830990000000
467	-58.9304160000000
468	-59.0768920000000
469	-59.2225220000000
470	-59.3673020000000
471	-59.5112250000000
472	-59.6542880000000
473	-59.7964850000000
474	-59.9378110000000
475	-60.0782610000000
476	-60.2178300000000
477	-60.3565130000000
478	-60.4943060000000
479	-60.6312050000000
480	-60.7672030000000
481	-60.9022960000000
482	-61.0364810000000
483	-61.1697530000000
484	-61.3021060000000
485	-61.4335380000000
486	-61.5640440000000
487	-61.6936190000000
488	-61.8222600000000
489	-61.9499630000000
490	-62.0767240000000
491	-62.2025400000000
492	-62.3274080000000
493	-62.4513220000000
494	-62.5742820000000
495	-62.6962830000000
496	-62.8173220000000
497	-62.9373970000000
498	-63.0565060000000
499	-63.1746450000000
500	-63.2918120000000
501	-63.4080060000000
502	-63.5232240000000
503	-63.6374640000000
504	-63.7507250000000
505	-63.8630050000000
506	-63.9743040000000
507	-64.0846190000000
508	-64.1939500000000
509	-64.3022970000000
510	-64.4096580000000
511	-64.5160340000000
512	-64.6214230000000
513	-64.7258270000000
514	-64.8292460000000
515	-64.9316790000000
516	-65.0331270000000
517	-65.1335920000000
518	-65.2330740000000
519	-65.3315750000000
520	-65.4290950000000
521	-65.5256360000000
522	-65.6212010000000
523	-65.7157910000000
524	-65.8094070000000
525	-65.9020540000000
526	-65.9937320000000
527	-66.0844450000000
528	-66.1741960000000
529	-66.2629870000000
530	-66.3508220000000
531	-66.4377040000000
532	-66.5236380000000
533	-66.6086250000000
534	-66.6926720000000
535	-66.7757810000000
536	-66.8579570000000
537	-66.9392040000000
538	-67.0195280000000
539	-67.0989310000000
540	-67.1774210000000
541	-67.2550000000000
542	-67.3316760000000
543	-67.4074520000000
544	-67.4823340000000
545	-67.5563290000000
546	-67.6294410000000
547	-67.7016760000000
548	-67.7730410000000
549	-67.8435410000000
550	-67.9131820000000
551	-67.9819710000000
552	-68.0499140000000
553	-68.1170170000000
554	-68.1832870000000
555	-68.2487310000000
556	-68.3133550000000
557	-68.3771650000000
558	-68.4401700000000
559	-68.5023750000000
560	-68.5637890000000
561	-68.6244160000000
562	-68.6842660000000
563	-68.7433450000000
564	-68.8016590000000
565	-68.8592180000000
566	-68.9160270000000
567	-68.9720940000000
568	-69.0274260000000
569	-69.0820310000000
570	-69.1359170000000
571	-69.1890890000000
572	-69.2415580000000
573	-69.2933280000000
574	-69.3444090000000
575	-69.3948070000000
576	-69.4445300000000
577	-69.4935860000000
578	-69.5419810000000
579	-69.5897240000000
580	-69.6368220000000
581	-69.6832830000000
582	-69.7291130000000
583	-69.7743210000000
584	-69.8189130000000
585	-69.8628980000000
586	-69.9062820000000
587	-69.9490730000000
588	-69.9912790000000
589	-70.0329060000000
590	-70.0739610000000
591	-70.1144530000000
592	-70.1543880000000
593	-70.1937730000000
594	-70.2326160000000
595	-70.2709230000000
596	-70.3087030000000
597	-70.3459600000000
598	-70.3827030000000
599	-70.4189390000000
600	-70.4546730000000
601	-70.4899140000000
602	-70.5246680000000
603	-70.5589410000000
604	-70.5927400000000
605	-70.6260720000000
606	-70.6589420000000
607	-70.6913590000000
608	-70.7233270000000
609	-70.7548540000000
610	-70.7859460000000
611	-70.8166080000000
612	-70.8468470000000
613	-70.8766700000000
614	-70.9060810000000
615	-70.9350880000000
616	-70.9636960000000
617	-70.9919100000000
618	-71.0197380000000
619	-71.0471830000000
620	-71.0742530000000
621	-71.1009520000000
622	-71.1272860000000
623	-71.1532610000000
624	-71.1788820000000
625	-71.2041540000000
626	-71.2290830000000
627	-71.2536730000000
628	-71.2779300000000
629	-71.3018600000000
630	-71.3254660000000
631	-71.3487540000000
632	-71.3717290000000
633	-71.3943960000000
634	-71.4167590000000
635	-71.4388220000000
636	-71.4605920000000
637	-71.4820720000000
638	-71.5032660000000
639	-71.5241800000000
640	-71.5448170000000
641	-71.5651820000000
642	-71.5852790000000
643	-71.6051120000000
644	-71.6246860000000
645	-71.6440040000000
646	-71.6630700000000
647	-71.6818890000000
648	-71.7004650000000
649	-71.7188010000000
650	-71.7369000000000
651	-71.7547670000000
652	-71.7724060000000
653	-71.7898190000000
654	-71.8070120000000
655	-71.8239860000000
656	-71.8407460000000
657	-71.8572940000000
658	-71.8736350000000
659	-71.8897710000000
660	-71.9057060000000
661	-71.9214430000000
662	-71.9369860000000
663	-71.9523360000000
664	-71.9674970000000
665	-71.9824730000000
666	-71.9972660000000
667	-72.0118800000000
668	-72.0263160000000
669	-72.0405780000000
670	-72.0546680000000
671	-72.0685890000000
672	-72.0823450000000
673	-72.0959370000000
674	-72.1093690000000
675	-72.1226410000000
676	-72.1357580000000
677	-72.1487220000000
678	-72.1615350000000
679	-72.1741990000000
680	-72.1867170000000
681	-72.1990910000000
682	-72.2113240000000
683	-72.2234170000000
684	-72.2353720000000
685	-72.2471930000000
686	-72.2588800000000
687	-72.2704370000000
688	-72.2818650000000
689	-72.2931660000000
690	-72.3043430000000
691	-72.3153960000000
692	-72.3263280000000
693	-72.3371410000000
694	-72.3478370000000
695	-72.3584180000000
696	-72.3688840000000
697	-72.3792390000000
698	-72.3894840000000
699	-72.3996200000000
700	-72.4096490000000
701	-72.4195730000000
702	-72.4293930000000
703	-72.4391120000000
704	-72.4487290000000
705	-72.4582480000000
706	-72.4676690000000
707	-72.4769950000000
708	-72.4862260000000
709	-72.4953630000000
710	-72.5044100000000
711	-72.5133650000000
712	-72.5222320000000
713	-72.5310110000000
714	-72.5397030000000
715	-72.5483110000000
716	-72.5568340000000
717	-72.5652750000000
718	-72.5736350000000
719	-72.5819150000000
720	-72.5901150000000
721	-72.5982380000000
722	-72.6062840000000
723	-72.6142550000000
724	-72.6221500000000
725	-72.6299730000000
726	-72.6377230000000
727	-72.6454010000000
728	-72.6530090000000
729	-72.6605480000000
730	-72.6680190000000
731	-72.6754220000000
732	-72.6827590000000
733	-72.6900300000000
734	-72.6972370000000
735	-72.7043800000000
736	-72.7114610000000
737	-72.7184790000000
738	-72.7254370000000
739	-72.7323340000000
740	-72.7391720000000
741	-72.7459510000000
742	-72.7526720000000
743	-72.7593370000000
744	-72.7659450000000
745	-72.7724980000000
746	-72.7789960000000
747	-72.7854400000000
748	-72.7918310000000
749	-72.7981700000000
750	-72.8044570000000
751	-72.8106920000000
752	-72.8168770000000
753	-72.8230120000000
754	-72.8290980000000
755	-72.8351360000000
756	-72.8411250000000
757	-72.8470670000000
758	-72.8529630000000
759	-72.8588120000000
760	-72.8646160000000
761	-72.8703750000000
762	-72.8760890000000
763	-72.8817600000000
764	-72.8873880000000
765	-72.8929730000000
766	-72.8985160000000
767	-72.9040170000000
768	-72.9094770000000
769	-72.9148970000000
770	-72.9202760000000
771	-72.9256150000000
772	-72.9309160000000
773	-72.9361770000000
774	-72.9414010000000
775	-72.9465860000000
776	-72.9517340000000
777	-72.9568460000000
778	-72.9619200000000
779	-72.9669590000000
780	-72.9719630000000
781	-72.9769310000000
782	-72.9818640000000
783	-72.9867630000000
784	-72.9916280000000
785	-72.9964590000000
786	-73.0012580000000
787	-73.0060230000000
788	-73.0107560000000
789	-73.0154570000000
790	-73.0201260000000
791	-73.0247630000000
792	-73.0293700000000
793	-73.0339450000000
794	-73.0384900000000
795	-73.0430060000000
796	-73.0474910000000
797	-73.0519470000000
798	-73.0563740000000
799	-73.0607720000000
800	-73.0651420000000
801	-73.0694840000000
802	-73.0737970000000
803	-73.0780830000000
804	-73.0823420000000
805	-73.0865740000000
806	-73.0907790000000
807	-73.0949580000000
808	-73.0991110000000
809	-73.1032370000000
810	-73.1073380000000
811	-73.1114140000000
812	-73.1154640000000
813	-73.1194890000000
814	-73.1234900000000
815	-73.1274660000000
816	-73.1314180000000
817	-73.1353470000000
818	-73.1392510000000
819	-73.1431320000000
820	-73.1469900000000
821	-73.1508240000000
822	-73.1546360000000
823	-73.1584250000000
824	-73.1621920000000
825	-73.1659370000000
826	-73.1696600000000
827	-73.1733610000000
828	-73.1770400000000
829	-73.1806980000000
830	-73.1843350000000
831	-73.1879510000000
832	-73.1915470000000
833	-73.1951210000000
834	-73.1986760000000
835	-73.2022100000000
836	-73.2057240000000
837	-73.2092180000000
838	-73.2126930000000
839	-73.2161480000000
840	-73.2195830000000
841	-73.2230000000000
842	-73.2263970000000
843	-73.2297760000000
844	-73.2331350000000
845	-73.2364770000000
846	-73.2397990000000
847	-73.2431040000000
848	-73.2463910000000
849	-73.2496590000000
850	-73.2529100000000
851	-73.2561430000000
852	-73.2593590000000
853	-73.2625580000000
854	-73.2657390000000
855	-73.2689030000000
856	-73.2720510000000
857	-73.2751820000000
858	-73.2782960000000
859	-73.2813930000000
860	-73.2844740000000
861	-73.2875390000000
862	-73.2905880000000
863	-73.2936210000000
864	-73.2966380000000
865	-73.2996400000000
866	-73.3026250000000
867	-73.3055960000000
868	-73.3085500000000
869	-73.3114900000000
870	-73.3144140000000
871	-73.3173240000000
872	-73.3202180000000
873	-73.3230980000000
874	-73.3259630000000
875	-73.3288130000000
876	-73.3316490000000
877	-73.3344700000000
878	-73.3372770000000
879	-73.3400700000000
880	-73.3428490000000
881	-73.3456140000000
882	-73.3483650000000
883	-73.3511020000000
884	-73.3538260000000
885	-73.3565360000000
886	-73.3592330000000
887	-73.3619160000000
888	-73.3645860000000
889	-73.3672430000000
890	-73.3698870000000
891	-73.3725180000000
892	-73.3751360000000
893	-73.3777410000000
894	-73.3803340000000
895	-73.3829130000000
896	-73.3854810000000
897	-73.3880360000000
898	-73.3905780000000
899	-73.3931080000000
900	-73.3956260000000
901	-73.3981320000000
902	-73.4006260000000
903	-73.4031080000000
904	-73.4055780000000
905	-73.4080360000000
906	-73.4104830000000
907	-73.4129170000000
908	-73.4153410000000
909	-73.4177520000000
910	-73.4201520000000
911	-73.4225410000000
912	-73.4249190000000
913	-73.4272850000000
914	-73.4296400000000
915	-73.4319840000000
916	-73.4343170000000
917	-73.4366390000000
918	-73.4389510000000
919	-73.4412510000000
920	-73.4435410000000
921	-73.4458200000000
922	-73.4480880000000
923	-73.4503460000000
924	-73.4525940000000
925	-73.4548310000000
926	-73.4570580000000
927	-73.4592740000000
928	-73.4614810000000
929	-73.4636770000000
930	-73.4658630000000
931	-73.4680390000000
932	-73.4702060000000
933	-73.4723620000000
934	-73.4745090000000
935	-73.4766450000000
936	-73.4787720000000
937	-73.4808900000000
938	-73.4829980000000
939	-73.4850960000000
940	-73.4871850000000
941	-73.4892640000000
942	-73.4913340000000
943	-73.4933950000000
944	-73.4954460000000
945	-73.4974890000000
946	-73.4995220000000
947	-73.5015460000000
948	-73.5035610000000
949	-73.5055670000000
950	-73.5075640000000
951	-73.5095520000000
952	-73.5115310000000
953	-73.5135010000000
954	-73.5154630000000
955	-73.5174160000000
956	-73.5193600000000
957	-73.5212950000000
958	-73.5232230000000
959	-73.5251410000000
960	-73.5270510000000
961	-73.5289530000000
962	-73.5308460000000
963	-73.5327310000000
964	-73.5346080000000
965	-73.5364760000000
966	-73.5383360000000
967	-73.5401890000000
968	-73.5420330000000
969	-73.5438690000000
970	-73.5456970000000
971	-73.5475170000000
972	-73.5493290000000
973	-73.5511330000000
974	-73.5529300000000
975	-73.5547180000000
976	-73.5564990000000
977	-73.5582730000000
978	-73.5600380000000
979	-73.5617960000000
980	-73.5635460000000
981	-73.5652890000000
982	-73.5670250000000
983	-73.5687530000000
984	-73.5704730000000
985	-73.5721860000000
986	-73.5738920000000
987	-73.5755910000000
988	-73.5772820000000
989	-73.5789660000000
990	-73.5806430000000
991	-73.5823130000000
992	-73.5839750000000
993	-73.5856310000000
994	-73.5872790000000
995	-73.5889210000000
996	-73.5905550000000
997	-73.5921830000000
998	-73.5938040000000
999	-73.5954180000000
